+---------------+----------+--------------+----------+-------------+----------+--------------+-------------+-------------+
|   Iteraciones |       xi |        f(xi) |       xs |       f(xs) |       xm |          fxm |          EA |          ER |
+===============+==========+==============+==========+=============+==========+==============+=============+=============+
|             1 | 0        | -0.5         | 1        | 0.0353661   | 0.5      | -0.293109    | 1           | 0           |
+---------------+----------+--------------+----------+-------------+----------+--------------+-------------+-------------+
|             2 | 0.5      | -0.293109    | 1        | 0.0353661   | 0.75     | -0.118396    | 0.25        | 0.333333    |
+---------------+----------+--------------+----------+-------------+----------+--------------+-------------+-------------+
|             3 | 0.75     | -0.118396    | 1        | 0.0353661   | 0.875    | -0.0368177   | 0.125       | 0.142857    |
+---------------+----------+--------------+----------+-------------+----------+--------------+-------------+-------------+
|             4 | 0.875    | -0.0368177   | 1        | 0.0353661   | 0.9375   |  0.000633916 | 0.0625      | 0.0666667   |
+---------------+----------+--------------+----------+-------------+----------+--------------+-------------+-------------+
|             5 | 0.875    | -0.0368177   | 0.9375   | 0.000633916 | 0.90625  | -0.0177723   | 0.03125     | 0.0344828   |
+---------------+----------+--------------+----------+-------------+----------+--------------+-------------+-------------+
|             6 | 0.90625  | -0.0177723   | 0.9375   | 0.000633916 | 0.921875 | -0.00848658  | 0.015625    | 0.0169492   |
+---------------+----------+--------------+----------+-------------+----------+--------------+-------------+-------------+
|             7 | 0.921875 | -0.00848658  | 0.9375   | 0.000633916 | 0.929688 | -0.00390536  | 0.0078125   | 0.00840336  |
+---------------+----------+--------------+----------+-------------+----------+--------------+-------------+-------------+
|             8 | 0.929688 | -0.00390536  | 0.9375   | 0.000633916 | 0.933594 | -0.00163044  | 0.00390625  | 0.0041841   |
+---------------+----------+--------------+----------+-------------+----------+--------------+-------------+-------------+
|             9 | 0.933594 | -0.00163044  | 0.9375   | 0.000633916 | 0.935547 | -0.000496935 | 0.00195312  | 0.00208768  |
+---------------+----------+--------------+----------+-------------+----------+--------------+-------------+-------------+
|            10 | 0.935547 | -0.000496935 | 0.9375   | 0.000633916 | 0.936523 |  6.88224e-05 | 0.000976562 | 0.00104275  |
+---------------+----------+--------------+----------+-------------+----------+--------------+-------------+-------------+
|            11 | 0.935547 | -0.000496935 | 0.936523 | 6.88224e-05 | 0.936035 | -0.000213974 | 0.000488281 | 0.000521648 |
+---------------+----------+--------------+----------+-------------+----------+--------------+-------------+-------------+
|            12 | 0.936035 | -0.000213974 | 0.936523 | 6.88224e-05 | 0.936279 | -7.25548e-05 | 0.000244141 | 0.000260756 |
+---------------+----------+--------------+----------+-------------+----------+--------------+-------------+-------------+
|            13 | 0.936279 | -7.25548e-05 | 0.936523 | 6.88224e-05 | 0.936401 | -1.86098e-06 | 0.00012207  | 0.000130361 |
+---------------+----------+--------------+----------+-------------+----------+--------------+-------------+-------------+
|            14 | 0.936401 | -1.86098e-06 | 0.936523 | 6.88224e-05 | 0.936462 |  3.3482e-05  | 6.10352e-05 | 6.51763e-05 |
+---------------+----------+--------------+----------+-------------+----------+--------------+-------------+-------------+
|            15 | 0.936401 | -1.86098e-06 | 0.936462 | 3.3482e-05  | 0.936432 |  1.58108e-05 | 3.05176e-05 | 3.25892e-05 |
+---------------+----------+--------------+----------+-------------+----------+--------------+-------------+-------------+
|            16 | 0.936401 | -1.86098e-06 | 0.936432 | 1.58108e-05 | 0.936417 |  6.97501e-06 | 1.52588e-05 | 1.62949e-05 |
+---------------+----------+--------------+----------+-------------+----------+--------------+-------------+-------------+
|            17 | 0.936401 | -1.86098e-06 | 0.936417 | 6.97501e-06 | 0.936409 |  2.55703e-06 | 7.62939e-06 | 8.1475e-06  |
+---------------+----------+--------------+----------+-------------+----------+--------------+-------------+-------------+
|            18 | 0.936401 | -1.86098e-06 | 0.936409 | 2.55703e-06 | 0.936405 |  3.48029e-07 | 3.8147e-06  | 4.07377e-06 |
+---------------+----------+--------------+----------+-------------+----------+--------------+-------------+-------------+
|            19 | 0.936401 | -1.86098e-06 | 0.936405 | 3.48029e-07 | 0.936403 | -7.56477e-07 | 1.90735e-06 | 2.03689e-06 |
+---------------+----------+--------------+----------+-------------+----------+--------------+-------------+-------------+
|            20 | 0.936403 | -7.56477e-07 | 0.936405 | 3.48029e-07 | 0.936404 | -2.04223e-07 | 9.53674e-07 | 1.01844e-06 |
+---------------+----------+--------------+----------+-------------+----------+--------------+-------------+-------------+
|            21 | 0.936404 | -2.04223e-07 | 0.936405 | 3.48029e-07 | 0.936405 |  7.19031e-08 | 4.76837e-07 | 5.09221e-07 |
+---------------+----------+--------------+----------+-------------+----------+--------------+-------------+-------------+
|            22 | 0.936404 | -2.04223e-07 | 0.936405 | 7.19031e-08 | 0.936404 | -6.61601e-08 | 2.38419e-07 | 2.54611e-07 |
+---------------+----------+--------------+----------+-------------+----------+--------------+-------------+-------------+
|            23 | 0.936404 | -6.61601e-08 | 0.936405 | 7.19031e-08 | 0.936405 |  2.87151e-09 | 1.19209e-07 | 1.27305e-07 |
+---------------+----------+--------------+----------+-------------+----------+--------------+-------------+-------------+
|            24 | 0.936404 | -6.61601e-08 | 0.936405 | 2.87151e-09 | 0.936405 | -3.16443e-08 | 5.96046e-08 | 6.36527e-08 |
+---------------+----------+--------------+----------+-------------+----------+--------------+-------------+-------------+