+---------------+----------------------+------------------------+------------------------+---------------------+---------------------+
|   Iteraciones |                 x(m) |                  f(xm) |                 df(xm) |                  EA |                  ER |
+===============+======================+========================+========================+=====================+=====================+
|             0 | 10.00000000000000000 | 2913.76076246439015449 | 2964.84687593062017186 |                     |                     |
+---------------+----------------------+------------------------+------------------------+---------------------+---------------------+
|             1 |  9.01723060771906049 | 1063.36942659790997823 | 1101.53335248549001335 | 0.98276939228094484 | 0.10898794042592866 |
+---------------+----------------------+------------------------+------------------------+---------------------+---------------------+
|             2 |  8.05187679051640082 |  385.33124228022899160 |  412.66418895840899950 | 0.96535381720265967 | 0.11989177707483874 |
+---------------+----------------------+------------------------+------------------------+---------------------+---------------------+
|             3 |  7.11811211553253020 |  138.01343259077299308 |  156.62008444470799873 | 0.93376467498386617 | 0.13118150709459683 |
+---------------+----------------------+------------------------+------------------------+---------------------+---------------------+
|             4 |  6.23691330198256022 |   48.58677448012799971 |   60.52916228713179692 | 0.88119881354997354 | 0.14128764837405433 |
+---------------+----------------------+------------------------+------------------------+---------------------+---------------------+
|             5 |  5.43421303909692011 |   16.72383230889440142 |   23.91305642531390063 | 0.80270026288563656 | 0.14771232874209009 |
+---------------+----------------------+------------------------+------------------------+---------------------+---------------------+
|             6 |  4.73485315755577041 |    5.61035050170935978 |    9.67002633883699048 | 0.69935988154115325 | 0.14770466121533915 |
+---------------+----------------------+------------------------+------------------------+---------------------+---------------------+
|             7 |  4.15467371386831985 |    1.83357159214377008 |    3.99873805606216015 | 0.58017944368744168 | 0.13964500792223453 |
+---------------+----------------------+------------------------+------------------------+---------------------+---------------------+
|             8 |  3.69613615365878978 |    0.58414016305198202 |    1.68966425133759990 | 0.45853756020953851 | 0.12405862261205788 |
+---------------+----------------------+------------------------+------------------------+---------------------+---------------------+
|             9 |  3.35042240455771001 |    0.18081953964707201 |    0.73275501917090402 | 0.34571374910107400 | 0.10318512335363623 |
+---------------+----------------------+------------------------+------------------------+---------------------+---------------------+
|            10 |  3.10365570229524979 |    0.05343590803573270 |    0.33249409524149198 | 0.24676670226246245 | 0.07950840103815988 |
+---------------+----------------------+------------------------+------------------------+---------------------+---------------------+
|            11 |  2.94294335040545008 |    0.01418126421242060 |    0.16695769463227000 | 0.16071235188980415 | 0.05460939364247804 |
+---------------+----------------------+------------------------+------------------------+---------------------+---------------------+
|            12 |  2.85800408334347988 |    0.00277488069462706 |    0.10422860957292999 | 0.08493926706196619 | 0.02971978506153802 |
+---------------+----------------------+------------------------+------------------------+---------------------+---------------------+
|            13 |  2.83138106010641000 |    0.00022331236443307 |    0.08769001287677640 | 0.02662302323706456 | 0.00940284005292596 |
+---------------+----------------------+------------------------+------------------------+---------------------+---------------------+
|            14 |  2.82883444895758007 |    0.00000192277929889 |    0.08618207023273430 | 0.00254661114883037 | 0.00090023336281442 |
+---------------+----------------------+------------------------+------------------------+---------------------+---------------------+
|            15 |  2.82881213829256994 |    0.00000000014674617 |    0.08616891560450980 | 0.00002231066501057 | 0.00000788693766849 |
+---------------+----------------------+------------------------+------------------------+---------------------+---------------------+
|            16 |  2.82881213658956998 |    0.00000000000000044 |    0.08616891460043560 | 0.00000000170300574 | 0.00000000060202150 |
+---------------+----------------------+------------------------+------------------------+---------------------+---------------------+